100
41 8467 6334 0
9169 5724 1478 0
6962 4464 5705 1
3281 6827 9961 1
2995 1942 4827 0
2391 4604 3902 1
292 2382 7421 0
9718 9895 5447 0
4771 1538 1869 0
5667 6299 7035 0
8703 3811 1322 1
7673 4664 5141 1
8253 6868 5547 0
2662 2757 37 1
8723 9741 7529 0
2316 3035 2190 0
288 106 9040 0
9264 2648 7446 1
5890 6729 4370 0
5006 1101 4393 0
9629 2623 4084 0
8756 1840 4966 0
3931 6308 6944 1
4626 1323 5537 0
6118 2082 2929 1
4833 1115 4639 0
2704 9930 3977 0
1673 2386 5021 1
6924 9072 6270 1
6777 5573 5097 0
3986 3290 9161 0
2355 4767 3655 0
4031 2052 7350 0
6941 1724 3966 0
1107 191 8007 1
5457 2287 7753 1
4945 8909 2209 0
4221 8588 6422 0
7506 3030 6413 0
900 2591 8762 1
7410 6359 7624 1
1548 6483 7595 1
3602 4350 291 0
9374 1020 4596 1
7348 3199 9668 0
8281 4734 53 1
6418 7938 6900 0
8127 467 3728 1
4648 2483 7807 1
4310 6617 2813 0
4309 7616 8935 1
600 5249 6519 0
2798 303 6224 0
5844 2609 4989 0
3195 485 3093 1
523 1587 9314 1
7448 5200 3458 0
580 9796 4798 1
9589 798 8009 1
472 3622 8538 0
6038 4179 8190 1
7958 6191 9815 0
9156 1511 6202 0
4272 55 328 0
6362 4886 8875 1
9869 142 3844 0
1881 1998 322 1
21 5699 3557 0
7892 4389 5075 0
2600 2510 1003 1
7861 4688 3401 1
5255 6423 5002 1
4182 285 7088 0
8617 3757 9832 0
4169 2154 5721 1
9976 1329 2368 0
1425 555 3434 1
7441 9512 145 0
1718 3753 6139 1
6279 5996 6687 1
2549 7437 9866 1
193 3195 3297 0
8286 6105 4488 0
2455 5734 8114 1
1316 671 5786 1
4313 4355 1185 1
912 808 1832 1
4313 7756 8321 0
3646 7982 481 0
3196 222 7129 1
5535 450 1173 0
2044 1659 6292 1
7253 24 6154 0
4745 649 3186 1
4474 8022 2168 0
8787 9905 7958 1
202 3625 6477 0
9314 5824 9334 0
4372 159 1833 0
7487 8297 7518 1
200
7773 2270 1763 0
7192 3985 3102 0
9213 7627 4802 1
527 2625 1543 0
1023 9972 3061 1
1003 7432 7505 1
2725 3031 8492 0
7222 1286 3064 0
9187 8360 2413 0
4270 9170 235 1
9711 5760 8896 1
7285 2550 140 0
2695 1624 8019 1
6576 1694 2658 0
7371 2466 4678 1
3851 5484 1018 0
1119 3152 2800 1
1060 1926 9010 1
2170 315 9576 1
2043 2758 7164 1
7882 7086 9565 1
9577 4474 2625 1
5629 1928 5423 0
6902 4962 123 0
3737 3261 195 1
1264 8260 6202 0
5030 326 9011 1
6411 5547 1153 0
9790 4924 188 1
4940 851 8662 1
900 7713 8958 0
8365 3007 1477 0
6058 6439 2303 0
9357 2324 6477 0
1113 4887 9801 0
4460 2428 2993 0
9405 6540 1111 0
2835 2356 6072 0
8823 4485 556 0
1626 9357 8526 1
9337 3271 3869 1
2896 3022 9617 0
2717 8696 1585 1
4423 4129 4229 1
6559 8932 2296 1
2053 6962 3584 0
6654 6972 1457 1
2532 2963 2607 1
911 1635 67 0
4675 2938 2223 0
3754 6511 2741 1
1459 7825 3221 0
1626 1934 5205 1
3850 7398 2279 1
2193 2734 1637 0
5556 1993 176 1
6962 548 5881 0
4413 6641 9855 1
3142 1462 7611 1
424 2678 1752 1
8296 2673 40 1
875 72 2818 0
1017 4932 8112 1
3169 3831 40 0
8685 9090 9497 1
5990 5145 9353 0
8651 6740 2044 0
335 8759 1192 1
5264 2181 8503 1
3775 608 9292 1
7549 9556 5561 1
6467 9541 6129 0
7813 9174 601 1
215 8683 8213 0
5824 5601 3392 1
2670 6428 8027 0
75 8786 5498 0
6287 3847 2604 1
1221 2663 5706 1
9010 2171 7489 0
2164 5542 7619 1
7591 6704 1818 0
750 5205 4975 1
303 1422 1098 1
3584 3648 2971 0
2913 1075 1545 0
7546 8678 1769 0
8519 3985 8289 0
2865 8540 3245 0
8318 7870 9601 1
1132 4472 7152 1
8570 9763 9901 1
4423 3527 1600 1
4015 5565 28 1
5347 2088 2943 1
2409 6463 5049 1
1588 1342 608 0
1221 1758 9954 0
4146 690 7949 1
1430 5620 748 1
4536 783 8035 0
5185 7038 9853 1
1224 5748 9923 1
2257 4766 4944 1
3318 2726 5411 1
355 1001 2549 0
8584 9515 7964 0
8075 7913 6142 0
1948 5072 426 0
6173 4429 2404 1
626 9812 9375 1
6565 6036 4736 1
814 5994 8256 0
3936 838 482 1
1015 1131 8230 1
4625 2011 2637 0
9690 1650 5662 0
893 353 1416 0
4008 7262 2233 0
6303 6634 6303 0
148 1124 2317 1
7109 4028 9200 0
1318 6858 4050 1
1361 5264 1903 0
9643 6909 4902 1
8489 4948 1282 1
674 2220 5402 1
3831 9369 3878 1
9008 2619 3971 1
1945 9781 6504 0
2685 5313 6698 1
2722 5938 9037 0
1461 6234 2508 1
3959 6493 1515 1
4937 8869 58 0
3971 6264 5117 1
4555 7815 8330 1
212 9288 8082 0
6085 710 4484 0
8380 9815 5951 1
8115 1679 7110 0
3073 788 3977 0
9956 8689 6113 0
2941 5790 1723 1
28 5184 4778 0
5071 1885 1974 1
1333 2867 6153 1
2168 825 9676 1
8650 2598 3309 1
4686 80 116 1
6667 1528 6679 0
9421 8405 8826 0
7516 7726 8666 1
7681 9964 1340 0
6021 1662 4721 0
9309 415 7902 1
7124 3941 2745 0
8423 7531 4806 0
9318 5602 1907 1
3481 1012 1136 0
4114 6809 4084 0
2290 1293 9996 0
1054 5345 4708 0
7491 3712 5131 0
6439 7958 4722 0
6995 1052 5269 1
8238 6423 7918 0
7659 2498 8486 0
7462 6633 2158 0
1146 8392 3037 1
647 9458 6602 1
4098 7830 9292 0
7278 799 8352 0
3882 540 8315 1
8762 9567 2336 1
1418 9897 5828 1
6816 4230 4449 1
658 229 4520 0
9560 5147 5162 1
675 792 2361 0
6398 3146 8714 0
1188 9569 8638 1
5075 4515 1521 1
5615 528 3234 0
905 9464 9557 0
4161 524 2549 1
330 1923 8350 1
2925 910 9737 0
8337 1278 2393 0
714 8164 1591 1
9135 2505 3337 0
6337 2623 8664 0
5608 568 9281 1
9152 8373 8652 0
9876 3826 8396 0
6249 4640 9174 1
943 2611 1941 1
8419 5565 3805 1
6216 1450 1615 1
1064 9166 6893 0
400
3509 300 9695 1
5589 3161 1172 0
7358 6031 6268 0
8510 422 774 1
910 3552 4182 1
5495 5764 874 0
4902 8255 4460 0
6972 6821 6122 1
1577 9789 5605 1
7594 7950 6343 0
2481 1012 1672 1
3428 5912 9762 1
4408 4415 1908 1
1759 6434 5204 0
4319 958 5945 0
8166 8700 1367 0
1787 8532 556 0
3447 5021 8283 0
9331 2376 8583 0
2723 7982 2018 0
9220 1111 2182 0
9490 8925 4324 0
9677 5969 1643 0
5677 2668 1068 1
2196 7783 6828 1
9426 5871 697 0
8703 1027 1408 1
9508 7185 238 1
6443 1313 2501 0
5128 2111 3650 1
1192 1454 5869 1
7465 267 7713 1
8634 5472 972 0
4901 8442 5177 1
5770 702 4364 1
6590 8823 2237 1
2179 6595 169 1
2042 1310 8182 0
7926 9487 1670 0
5651 2258 7213 0
5783 1286 2742 0
4472 7128 8434 1
718 3503 4867 1
938 1881 9257 0
8614 8598 8458 1
6063 2756 807 0
9489 9435 6365 1
7586 1386 7833 0
3330 6048 8928 0
2433 3840 6766 1
9810 1599 1837 0
1982 7328 9352 1
1244 1794 6608 0
1647 7432 9535 0
3264 3497 3243 1
2015 6841 189 0
9812 648 9523 1
4474 8633 9891 0
9854 9990 5697 1
7780 2578 2931 0
3340 3487 899 1
8483 5538 7492 1
8252 5011 1560 0
1840 1497 2785 1
1540 8805 8791 0
3210 3549 1578 1
971 9277 73 1
1620 1497 3826 0
9790 6582 3578 1
418 6489 159 1
2924 9072 380 0
7967 208 6477 1
5370 2607 4196 0
3722 2611 9019 1
1056 2890 1163 1
3716 9932 5452 1
4954 6813 2862 0
5460 615 904 1
136 4680 9198 0
4387 2584 7240 1
7006 8670 241 0
5249 3523 1758 1
9621 7095 7296 0
5678 178 3579 0
7577 2750 4007 1
4081 2995 2678 0
7753 899 1784 1
3093 3608 6172 1
9929 7514 168 1
1191 5973 8922 0
5651 986 2144 0
1577 6517 4629 0
5874 5791 5469 0
8146 693 9091 1
6949 6857 640 0
236 8551 9487 0
8162 6955 3183 0
180 6097 3065 1
2513 9261 2578 0
6878 4140 4611 1
2445 170 9975 1
4750 6149 3333 1
2214 7282 7007 0
8896 6367 8522 0
1810 7641 7231 1
6705 6479 6321 0
1351 9447 4208 0
2276 5759 189 0
7666 8486 3455 0
9614 4860 9253 1
1348 2503 861 1
9082 2455 4197 0
8752 5821 7296 1
6021 4455 5947 0
8318 9135 1376 0
9859 4998 2074 1
6922 635 1643 0
8153 3232 4747 0
9926 5678 6450 1
4961 4199 855 1
5716 573 1561 1
6473 8274 1550 1
1181 4287 2699 0
8643 7465 7172 1
9981 2112 3476 1
8247 6890 6671 1
2372 32 3989 0
3165 5431 9658 1
7206 6578 6948 0
7171 8166 3396 1
1020 3694 5529 0
109 7984 1969 0
1617 4015 6626 0
9168 7906 5928 1
8118 4390 5199 1
4486 9199 2420 0
8271 5813 7415 1
318 3580 1331 1
8387 3444 3186 1
4360 7827 8074 1
7152 271 268 1
9885 337 1311 0
2677 406 7768 0
9413 5000 542 1
38 1388 7355 1
1647 3181 3093 0
987 761 493 1
9501 7482 9447 1
753 2104 5084 1
3525 221 3964 1
4872 8106 3656 1
2593 7080 6080 0
1411 3713 968 1
7216 2079 8768 0
1531 2933 3779 1
2259 6653 7936 1
4365 1874 7720 1
5680 8976 8455 1
4071 4808 3559 0
5602 7832 7905 0
7375 1562 2885 0
1080 1836 797 0
508 80 5340 0
9058 1493 7740 0
474 4773 9097 0
3335 1072 3400 1
2955 666 4141 0
2481 7168 8315 0
6225 1009 2012 0
1455 8762 5043 0
21 7922 4512 0
6018 7368 3717 0
7650 3290 3335 1
3169 1895 5303 0
1979 4199 9105 1
8661 8681 3652 1
4033 2029 5987 0
6253 83 1420 0
2718 2244 1063 1
652 8864 4769 0
5005 1047 1594 1
4326 3276 1323 0
7679 3990 2588 0
9271 7945 9221 0
183 3589 3955 0
4779 5006 3262 1
3487 7196 9033 0
2935 9779 5993 0
4962 8965 1001 1
1807 4567 2669 0
2671 1457 2998 1
3597 4218 8838 0
7372 8563 1028 0
8801 4723 3490 0
1601 4227 1197 0
9771 363 9301 1
7721 3565 7421 1
8610 495 6741 0
1812 9151 3015 1
3393 8738 5279 0
1608 2654 3822 1
4245 1338 144 0
1339 3154 4604 1
2225 78 1724 1
2330 9733 8223 0
9130 8846 4987 1
8805 8616 5750 1
7338 1963 8135 1
2209 1630 3224 0
6737 4474 1920 0
293 3855 6734 1
1056 7606 8184 1
8382 4119 6741 0
4684 2779 2279 1
667 836 4125 0
2737 8028 2119 1
737 4091 556 1
6060 1901 8793 0
2136 4580 4875 1
1184 8074 8719 0
476 41 3351 1
6290 2974 3072 1
2189 5787 1490 1
4893 3053 7063 1
5903 7005 4176 1
1695 6139 2468 0
1083 3639 9515 1
9993 5826 5722 0
4828 2581 4399 0
1891 1023 6943 0
4243 7349 2702 1
502 5141 687 0
5891 4637 8413 0
2816 1690 3162 1
9126 9410 9877 0
6260 7189 6705 0
2663 722 2195 0
6360 6038 8588 1
8245 9467 2425 1
3189 542 3063 1
502 9617 9099 1
7226 1203 48 1
1570 8636 9458 1
8456 9405 1531 0
6819 7975 556 1
1495 8044 591 1
3388 8915 7450 1
6272 5791 9383 1
1775 4642 3569 0
7954 2078 3585 1
5333 893 490 1
4750 7233 722 1
9611 8990 338 1
3258 9047 2352 0
479 5302 2683 0
2 5568 4422 1
6135 8008 2361 0
2194 3699 3188 0
4042 1357 3941 1
7469 6345 4380 1
4964 5710 61 1
73 7504 9462 1
8102 1069 5154 1
1552 2074 9149 0
2244 844 3049 0
4065 6363 9552 1
8470 9731 6747 1
5869 4398 498 1
7352 5679 8053 1
4522 1088 1563 0
9850 7022 7240 1
9492 5651 8580 1
7616 9876 9178 0
4615 2348 6798 1
1635 6857 2883 0
8902 8262 9420 0
9022 9273 5841 0
8888 3917 1717 0
3698 1267 1749 1
389 6932 5619 1
2003 9130 3028 1
4589 3152 8630 0
9864 6407 2295 0
9681 8490 6610 1
1071 5236 6459 1
6840 7633 7037 1
2630 274 2993 0
2203 7461 8290 0
2307 997 1151 1
8890 6717 6640 1
5566 4883 3661 1
8245 386 2651 1
9601 6840 7209 1
7283 9250 8058 1
175 581 6787 1
4287 7999 2504 1
2138 700 530 1
2118 205 7540 0
4459 1622 4398 0
7098 2935 481 0
9567 8493 8596 1
7746 538 7670 0
1476 1555 4917 1
6760 5752 3758 1
2255 9065 726 1
3034 2759 393 0
7273 8792 6193 1
137 7103 3690 1
3694 4668 2627 0
989 5248 3879 1
1149 931 669 1
5598 5449 5436 1
123 1443 1731 0
2861 4434 9385 1
816 1393 6704 0
953 308 8223 0
792 2667 48 1
3930 811 9814 0
5427 3743 1604 1
6474 7195 506 0
7589 9858 7809 1
1447 40 3818 0
7975 26 5089 1
66 6412 6840 0
4676 5395 8641 0
7651 1109 8187 1
1085 3390 1250 0
4755 1381 8128 0
4277 862 6424 1
3872 832 885 0
6646 889 6478 1
4925 1265 1260 1
778 5821 3855 0
2927 4773 5134 1
2675 3336 6334 1
2737 9310 5974 0
356 1071 2080 1
2145 7282 1825 0
3573 4712 3037 0
9905 7162 1717 0
9539 8047 946 1
231 4115 839 0
829 2645 3394 1
9645 4272 675 0
2072 3773 2480 0
6897 3542 9608 1
3277 6125 134 1
9078 8382 169 0
7478 7939 1138 1
1426 663 1677 1
6724 5981 7700 1
8862 6002 8448 1
684 4016 5137 1
3993 1284 2944 1
821 7058 4643 0
677 119 9857 1
8891 5264 1623 1
8072 7929 841 1
7615 2536 4957 1
700 3452 5093 1
1829 2448 5227 0
6224 324 2274 1
2885 5038 2170 0
2629 5084 1909 0
6923 7085 9400 0
4193 3105 9412 1
5767 5407 677 0
704 4790 9834 1
621 8085 7734 0
542 7998 2086 0
5621 424 2597 0
4254 9669 8108 1
2493 6068 6366 0
2438 2600 819 0
2290 4984 6339 0
5808 4632 1478 0
3787 7239 8074 0
827 2554 1988 1
6798 3642 9002 1
104 3946 7056 1
9833 7708 9761 1
686 4804 6385 0
8842 7260 2161 0
4343 9578 1187 1
3063 4591 5934 1
656 9761 5012 1
1959 6251 8738 0
6124 5507 8007 0
951 3101 4489 0
5441 1790 7013 0
4855 1060 7093 0
5402 2676 3543 1
6266 7651 5275 0
532 761 5469 1
2729 7107 7892 1
7953 8392 2570 1
9472 3407 2494 1
8440 383 4262 1
8607 8038 4360 1
1171 654 9947 0
800
4523 1229 489 0
7887 9756 6632 0
5739 666 8522 1
8160 7553 4705 1
1259 5386 1687 1
42 8317 2045 0
3388 5452 3154 0
1833 7760 6919 1
6738 1267 5776 0
4314 6320 3053 1
6469 4216 9722 0
9007 5463 6260 1
3793 8630 8717 1
1376 5314 6626 1
1334 620 4171 0
8964 9154 8866 1
664 3775 3000 0
1100 7551 5476 1
943 7877 3789 1
1385 8272 1434 0
9561 5563 4504 0
3888 308 2157 0
5123 6464 4074 0
3837 1981 5318 1
6292 7591 3832 1
6461 6991 1461 0
8498 7369 7291 0
4179 4117 2317 0
1595 1441 5936 1
7028 1453 7909 1
7981 1503 6569 0
1883 5367 5385 0
5230 7157 8681 1
8310 1866 3687 1
3477 1245 2764 0
7671 2047 6115 0
7311 2657 1405 1
7171 580 2740 0
3675 4320 5790 1
998 6586 1604 1
9631 9744 8388 0
8718 6919 8259 1
4609 8119 1479 0
6300 1396 6853 0
830 4593 806 1
4854 4272 6160 0
2054 6333 146 1
471 428 559 1
9421 2688 6366 1
6685 2270 5329 1
2860 2208 8982 0
2506 6878 1979 1
7887 6538 4469 1
7540 2795 7266 1
3509 4557 2317 0
2053 8135 2258 1
7843 1693 6466 1
8140 1094 2937 0
2512 6097 9551 1
1817 3492 1292 1
7530 613 5296 0
2389 5628 5809 0
1744 8840 8182 1
6120 7393 6292 0
4214 2527 6807 0
8705 4713 7011 1
6693 9664 6203 1
7762 4381 6946 1
1048 1768 6624 1
7954 4235 1127 1
8240 1862 5127 1
3817 2340 142 0
8400 6558 1476 0
935 6430 5831 1
3537 5623 7922 1
8029 211 6211 0
6880 2253 3293 1
785 6528 443 0
555 4671 9270 0
9375 4631 3640 0
8040 7986 8834 0
1539 8765 2796 0
7262 5052 731 1
4464 2557 4248 0
170 5450 7182 1
3293 4099 3332 0
2331 75 1004 0
5026 4066 1738 1
9623 3843 441 0
9695 7918 3659 1
2628 6329 1088 0
8613 4979 8569 0
7679 7577 7837 0
3115 3292 1723 0
9448 323 1153 0
4395 5197 4508 0
7411 3993 7665 1
3202 7610 4828 0
7705 8965 8023 1
1715 253 1805 0
9478 2145 1840 1
9285 6900 968 0
6633 3885 348 1
8032 6256 9910 0
8982 3901 2306 1
7860 2471 9527 1
8343 9768 8233 1
9171 7603 8942 1
7879 1034 4512 1
530 4161 3234 0
1926 5906 5191 1
6188 227 2719 0
5224 9093 435 0
8094 3582 8867 1
2005 1146 2686 1
540 8237 2850 1
9578 8956 2677 1
8042 6300 5811 1
1143 1595 1016 1
8804 1006 8368 1
335 698 1325 1
8023 2312 4618 1
8396 8339 1086 0
7846 7043 1522 1
6280 3455 6358 1
8870 990 3873 1
3413 3454 1896 0
4450 7241 4641 0
3525 8213 6824 1
8695 5403 2594 1
6067 2187 4640 1
41 8125 2534 0
3000 4907 2621 0
5293 5117 7717 1
3943 7893 639 1
6925 4028 9978 0
2850 2892 6444 0
3623 4353 2036 1
1346 826 6061 0
238 7571 6886 1
5299 2056 1728 1
3751 2019 9991 0
5717 5846 7093 1
1421 2912 6867 1
2444 9897 1201 0
4942 7104 1768 0
6641 6296 1262 0
1244 7918 9625 1
7584 8174 984 1
3149 7014 5695 1
5032 3851 1537 0
8363 4651 1219 0
5917 1683 1918 0
7252 3586 1269 0
2137 2397 424 0
27 8148 1993 0
9271 7669 893 1
1014 9104 484 1
1495 6811 1293 0
6798 1990 1299 0
8493 9074 1549 0
9314 173 4069 0
6865 6833 5238 1
3252 6463 6508 1
3088 2245 6231 0
106 9271 2368 1
5258 4157 9647 0
8238 4122 7723 0
8706 189 1156 1
2351 6923 7118 0
2097 1836 591 0
4510 5813 4651 0
7844 4743 7741 1
4578 4949 1705 0
9785 9227 8624 0
8356 3917 6227 1
102 4286 9468 0
8979 1411 2489 0
3490 775 8410 0
7089 7296 1950 0
122 2529 7672 0
8277 5553 3976 0
9085 2652 1751 1
9751 9001 435 1
5072 7916 6716 0
1511 2125 1838 0
8939 1544 1056 0
2902 6758 4588 1
2586 4108 9777 0
1979 6947 2549 0
3245 5128 4062 0
4719 677 9091 1
3785 3231 7406 0
1954 6769 4709 0
2421 5945 3465 0
1860 6497 8335 0
5677 8049 1005 0
3388 8675 3143 1
130 8487 6555 0
5253 5000 7754 1
2488 5215 2008 0
940 7799 2997 1
8454 304 8237 1
2499 792 9613 0
8682 2983 5351 1
7137 5033 6600 0
3683 1857 8968 0
1968 1708 2641 0
2437 1684 2499 1
9869 8583 9256 0
7640 2087 5012 0
5820 4835 1663 1
5897 8677 2774 0
7553 9533 8878 0
5624 2734 8075 1
712 6984 624 0
6504 8822 4055 1
462 4473 84 0
1122 6053 9397 0
9750 1337 3917 0
4931 2197 7505 0
357 6599 8290 0
985 1447 1084 0
8725 8996 9855 0
5338 7342 4428 1
742 37 5506 1
5053 9793 8505 0
3609 3924 9854 1
2239 6206 4209 0
6499 8175 1036 1
3647 5618 5013 1
5712 7896 1909 1
130 9090 9034 1
6286 3523 666 0
2736 2037 5416 1
1949 971 844 1
9285 6200 4590 1
8325 7118 5668 0
9729 4008 4541 1
5536 1980 716 0
5384 8747 328 0
6204 700 7523 0
1411 6040 250 0
3483 1766 6141 0
845 506 9088 0
5107 8266 5857 0
4199 2674 4155 1
8990 9832 858 0
8917 8290 3967 1
8234 8246 1462 0
8239 3426 9095 0
8314 350 4586 1
7776 5822 6879 1
5812 5676 3164 1
2570 6038 4312 0
6561 8180 8200 1
1856 8061 2647 1
9808 9290 7452 1
2618 1419 4007 0
4547 9977 5675 1
8709 3371 8642 1
6336 2621 1501 0
8129 1358 1436 1
2897 8504 4798 0
3105 1238 5032 1
2516 4481 5579 1
1727 1771 1313 0
6140 4816 8488 1
5589 5513 8259 1
2271 3283 4364 0
3012 3184 1759 1
9574 8733 5059 0
7649 6595 8522 1
416 5377 1052 1
9891 138 3310 1
5055 3787 7224 0
6439 7441 6648 0
7834 9368 1441 0
2668 9974 9176 1
633 3241 5745 0
1015 2974 9252 0
8956 5524 6966 1
8144 2240 9334 0
1876 5027 1205 0
4291 1641 3465 1
2471 6259 3700 1
2016 1943 4624 0
1505 1157 1502 0
9275 2046 7632 1
6046 2145 6003 0
1901 8326 9153 0
9649 350 405 0
1025 8970 4336 1
9793 1323 5532 0
5896 3210 7776 0
4550 5290 3795 0
7350 8315 36 1
3760 9984 8729 0
6050 8082 6806 0
5584 790 1617 0
9066 3116 6388 1
3101 5610 6450 0
8621 5193 7038 0
4593 4895 280 0
5167 7420 4345 1
3865 4696 833 0
2632 189 7839 1
3817 2129 6753 1
8613 600 8252 1
9861 2151 8318 1
7813 4907 9554 0
617 1211 5429 0
5966 9531 9942 0
9522 1155 7587 1
3158 4464 3762 0
946 1065 8380 1
5946 3540 7297 0
4464 3194 2584 0
2715 2200 1206 0
1302 4696 8833 1
9067 415 6645 1
6354 3448 4919 1
7988 6321 7592 1
2197 3509 8652 1
658 4122 6859 1
999 1899 4120 0
2036 6984 4912 1
3953 9485 741 1
1567 4208 6844 1
9681 4879 1108 1
5259 5706 3849 1
8026 124 7607 0
2884 128 4546 1
481 1714 149 0
3338 307 6793 0
1105 1697 8217 1
6641 2343 6133 1
679 736 9555 1
1954 930 252 0
279 2488 4870 0
6072 2176 6701 1
8086 4231 7480 1
260 514 8938 1
4990 9438 8981 1
5242 4618 6070 1
4061 7219 8781 0
2833 8672 1563 0
502 6928 721 0
1447 945 8406 0
8686 5794 3577 0
8683 1547 3240 1
6464 1723 337 1
7168 8130 5255 0
4858 2512 9656 0
3201 142 1276 0
2702 684 5023 0
6312 8250 3475 1
6850 9195 5488 0
6101 183 4798 0
8848 6784 245 1
4462 8343 8258 1
8871 4016 8172 0
4441 7683 6088 1
3976 8516 8298 1
1283 3205 9997 0
5769 3675 917 1
5020 6030 7442 1
2389 373 3480 1
777 786 8381 1
522 8345 979 1
5713 935 9735 1
2186 6096 648 1
4752 521 9260 0
6636 7688 9919 0
6792 7065 9278 0
1496 6386 1011 0
7547 2121 3202 1
6702 8564 1539 0
2257 2370 1920 0
9359 1080 7298 1
3960 510 9591 1
2033 1675 2136 1
7775 5790 4376 0
272 703 5086 1
9515 3542 3495 0
8456 4186 8437 0
2626 8364 1085 1
8908 340 1360 0
1154 8012 9752 0
8706 2525 630 1
3179 3079 8313 0
2517 8421 4145 1
1969 1839 4308 1
3762 9473 3681 0
3147 7053 2708 0
6715 4429 1066 1
4663 1771 5541 1
8631 3572 2514 0
5988 8170 8168 1
655 3850 3444 0
6278 9406 9427 1
7523 2371 3327 1
3461 2173 9934 0
5587 1417 1463 1
6126 595 1495 1
2406 7370 3859 1
2496 4833 4223 0
7879 519 6126 1
1585 1465 1371 0
7107 7271 4087 1
6519 8596 5715 0
2492 4753 8257 0
4959 3357 886 1
5865 5686 2019 1
2313 2435 1028 1
468 2869 456 1
7578 6074 1395 1
1274 3316 5024 1
8585 5722 8971 1
4095 8174 5038 1
6658 7295 5722 1
6231 9503 2232 0
5590 1480 7408 1
2702 2858 9818 1
5561 4120 5028 0
5713 3332 3092 0
6467 1320 7358 0
3987 9094 4983 0
7264 9714 6746 0
425 6255 3163 1
5792 4231 2619 0
4718 6128 9948 0
9079 2091 3766 1
5808 2126 4825 1
7518 3220 35 0
5456 4147 9156 0
3360 751 6208 0
2294 2589 7524 0
9694 4090 189 0
7419 301 1702 0
523 6539 609 1
6637 8186 7416 1
5169 7623 4899 0
415 3644 5436 1
378 1676 7858 0
9846 7137 5915 0
4616 7288 2382 0
333 3915 1056 0
62 9616 4524 1
7442 1984 4872 1
3396 8026 8582 0
8775 5416 665 0
8759 2755 1417 0
3554 9443 6824 1
8422 121 5733 1
9917 5793 1873 0
1175 9074 5985 1
1622 3208 7395 0
6720 6291 1988 1
9072 977 193 0
2254 922 876 1
816 3803 1090 0
2289 7253 9979 1
2322 2902 7602 1
654 2729 9734 0
2274 5226 6463 0
2972 4348 6453 1
2307 5518 8333 1
695 3179 661 0
7659 961 1907 0
3472 645 3592 0
628 4196 6811 1
5835 1229 3716 0
4956 6158 9749 0
3296 9724 3120 0
6406 8983 3445 0
1691 6588 538 0
8104 877 353 0
7004 623 4852 1
7611 7842 8724 1
135 3590 146 0
3855 7804 1741 1
9381 2779 9102 1
692 532 7312 1
6161 1047 2405 0
7569 9959 2628 1
1228 7580 2471 0
7440 8456 2148 0
4745 6125 7210 0
5616 1180 4815 0
6226 9472 7479 1
2482 3005 8536 1
1105 7587 732 0
1165 1064 4518 1
5032 7508 3896 0
3978 2638 8245 1
4169 744 7362 1
1049 6518 6467 0
2143 3061 5603 0
2186 1226 3603 0
1300 1768 423 1
5396 4566 5230 1
6152 2000 3617 1
786 668 1597 1
6224 7728 6260 0
3425 3267 9312 0
452 5169 9562 0
8211 9235 6890 1
2064 4750 8960 1
4767 1754 787 1
4565 9942 2088 1
2815 7579 837 0
9269 1886 3830 1
4640 7321 8319 1
1626 3020 1411 0
5893 1984 2357 1
336 8829 5950 1
2405 365 2334 1
9094 8592 1270 1
3017 9313 5253 1
4977 9160 1505 1
4591 6562 3576 0
72 1134 3016 0
9193 1945 1852 1
2521 8061 6344 1
8366 2885 4439 0
9107 5268 3554 0
7432 3799 2020 1
1098 2792 3916 0
9029 5316 3059 0
4583 2399 1135 1
70 5271 2342 0
3877 406 8295 0
2403 8252 5718 1
7285 8428 6678 0
101 949 2364 1
7626 7157 2737 1
8938 1593 7096 1
4493 9768 7873 1
9109 96 381 1
5739 5584 5923 1
6731 1849 5442 0
6850 8287 6040 1
9223 1588 6467 1
3400 1158 5606 0
9463 920 8366 0
9685 9023 229 0
9356 5470 3175 0
1683 9988 7619 0
2190 8275 2469 1
4341 6197 8545 0
7158 4058 5794 1
3341 4837 8900 0
2675 9736 7438 0
580 7085 5013 0
5253 727 285 0
9670 4536 3281 0
6549 1348 9077 1
6835 3573 8137 1
8731 7617 5233 1
7376 5529 7731 0
342 6467 0 0
916 2634 4999 1
9240 581 3623 1
7131 5749 1539 1
5575 4099 4363 1
4726 201 6424 1
7389 735 2024 1
8745 6170 1483 1
8392 8752 1324 1
7740 8255 4468 0
6843 30 5756 1
3114 2980 1458 0
8124 6008 5311 1
1717 5928 7590 1
4580 3870 2990 0
4000 8064 8275 0
9682 7911 106 0
8644 3826 6436 0
1592 4988 8838 1
7212 3947 7446 1
1052 5771 1256 0
2057 666 6250 0
3145 3925 1148 0
5774 7043 9429 0
6763 16 1858 0
7301 2061 2655 1
1174 582 139 0
4024 900 1575 1
5376 1300 9424 0
537 2695 8525 1
2851 9788 794 0
1706 75 6071 0
1884 4819 9979 1
5158 6807 845 0
7438 1156 4820 0
9766 7222 2957 1
6271 6955 9389 1
8029 3128 2039 1
394 8490 9648 0
5517 4192 2530 0
3148 4056 2990 0
9743 6439 1301 1
1927 269 393 1
8431 3592 1135 0
5842 9080 8616 1
8717 5907 5920 1
2166 121 7782 0
7006 6491 1870 1
2195 3143 1763 1
3592 4935 9217 0
5881 3467 6721 0
7322 1828 8230 1
1424 7699 4153 1
1794 5041 5264 1
8720 144 388 1
8213 5202 8658 0
3753 2249 5058 1
8090 4638 6823 1
4701 7205 1558 1
4287 1041 4026 0
6209 4820 935 1
2531 5674 3902 0
3071 8775 5009 0
2794 8622 1736 0
5015 2452 6754 0
7933 5188 7855 0
7945 9923 542 1
487 5943 5347 0
1389 1668 1788 0
2280 7479 2707 1
6860 5447 9846 1
2182 2344 3142 0
5636 2353 7549 0
2823 1825 9251 0
7639 2046 3362 1
7624 4078 4985 1
6781 377 6350 0
170 8494 216 1
9726 6038 9915 0
8352 5862 6421 1
1128 1465 4329 1
4082 5389 4986 1
2735 2140 8666 0
3485 5822 3 1
1896 6141 2150 0
5872 2361 4770 1
7165 5645 8120 0
2128 5970 6621 0
5004 8514 799 0
5269 9552 2235 1
6344 1830 6382 1
6395 7151 666 1
8710 6758 7372 1
7906 14 3452 0
9905 5812 8021 1
6575 2290 7525 1
2167 6982 5783 1
8793 8050 9679 0
1274 884 2629 1
2460 4105 1511 0
7824 7550 7016 0
9801 759 9309 1
67 7300 7225 0
9140 48 1655 1
4449 8491 8760 0
4836 219 270 1
1725 5519 4809 1
6631 8324 5807 1
2301 283 3969 0
1164 3963 4124 0
7770 2851 3997 0
9511 67 265 0
3379 4955 6028 1
2432 8227 160 1
2666 2237 2048 0
4404 7048 5565 1
2133 3175 6241 0
2147 7362 3954 0
3454 1658 1721 0
688 466 6116 0
180 6429 4537 1
8389 9843 7004 1
9384 2920 1987 0
9052 7582 1528 0
1472 9193 6958 1
8983 5987 823 1
1096 6594 8901 1
4520 503 3472 0
1932 4953 824 1
57 5665 2732 0
5167 6966 5690 0
9926 2828 1479 0
9703 9449 8833 1
2910 3240 1027 0
527 5282 6393 1
7863 3961 2565 1
9251 7318 2081 0
8103 6358 5238 0
7464 7457 6572 1
6922 5756 867 0
9298 5343 5234 1
4019 5352 4062 1
6811 1793 7405 1
3651 5760 7898 1
5842 5694 5084 1
6500 955 1155 1
650 6688 5939 0
6017 4932 4948 0
3495 6419 4648 1
171 5851 3695 1
3637 6649 5800 1
8134 884 7177 0
641 5304 4496 0
2537 8551 5851 0
1565 8938 7445 0
8194 4526 2178 1
6928 4205 5149 1
5312 9401 5199 1
2692 2353 7795 0
2567 7149 2376 1
6742 6748 103 1
4047 1073 8965 1
137 2169 4331 0
6053 8768 8052 0
1156 4981 2695 0
3929 731 4278 1
8752 5089 1958 0
7054 7972 4208 0
4171 8147 8503 1
2174 8819 6107 1
2599 788 3261 1
4435 7492 5732 0
4667 403 8367 1
1054 167 9212 0
129 5793 1977 0
5012 6831 4889 0
2647 1299 2489 0
5836 6612 4387 1
5503 9491 482 1
7027 3361 952 0
5646 5183 5597 0
5032 8102 5945 0
8224 9081 2195 1
7632 8343 2602 1
3282 9989 4437 1
35 3179 9654 0
3399 8350 132 1
5293 1871 2649 0
9204 2177 5705 1
4750 528 228 0
9668 8785 3774 0
6651 8884 7037 1
5189 1681 9074 1
5850 4546 9260 1
2233 9421 3161 0
9546 1350 1263 1
1846 3458 9594 1
7945 3502 8246 0
5254 7953 5760 0
5419 8735 6616 1
3335 8592 9018 1
9370 2336 6525 0
7644 9512 9482 1
5105 5726 3201 1
5306 3080 1593 0
4591 4214 3223 1
2700 8849 2322 1
6762 2702 1268 0
5152 3848 9235 0
2762 8237 6272 0
2200 6343 7519 1
3370 8991 9145 0
2714 7085 79 1
6282 4386 7119 0
2193 185 5516 0
7888 9499 2425 0
7769 5331 9814 0
5970 9537 7598 1
5398 6851 1888 1
9053 3505 5741 1
9662 9655 4081 1
9618 6872 5094 0
2538 7121 1445 1
8243 2365 4718 1
6937 4599 1499 0
554 9124 31 0
6429 2722 9556 0
1875 1692 3910 1
3132 9728 522 1
7277 1826 9348 0
7777 2338 5175 0
6125 139 9821 0
3640 7966 9081 0
7547 9951 2907 1
3110 6557 7077 1
403 1576 540 1
2574 5454 369 0
2485 4999 8048 0
573 6658 5816 0
1000
373 31 2604 1
5791 5422 8010 1
2364 568 5994 1
4023 5709 1657 1
9285 8477 4023 0
8828 1435 3549 1
9009 7743 867 1
1590 2891 369 0
7604 3776 2212 1
2693 3409 1620 1
2662 5128 6100 1
842 8440 89 0
2642 1620 1486 0
7964 1486 1271 1
9466 1474 3445 0
7349 5827 954 0
3281 4246 3757 1
6114 350 2832 1
4943 2312 3232 1
3239 7768 2589 1
6209 1987 8795 1
1912 8639 935 0
1479 3207 1230 0
9601 3940 2043 0
3412 4377 6623 0
1983 3885 9686 0
6257 4702 4439 0
2276 5924 652 1
9035 1699 3316 0
3367 9606 1221 1
1520 2792 4565 1
4258 7684 1531 1
1782 2705 6162 1
5923 870 5342 0
4196 2180 9969 0
8715 6051 4736 1
5174 8477 1154 1
882 5851 9769 1
8301 5676 3604 1
4161 1197 8595 1
5485 5062 9229 0
7718 9073 8079 1
9662 224 1574 0
7475 8815 9343 0
7532 4568 2684 1
5472 5286 8266 1
2151 4604 7233 0
9076 598 8604 1
468 1184 1417 0
9616 1014 4066 0
6873 7148 2510 0
5941 5791 6866 1
4020 3355 5948 1
5081 2271 1825 0
1173 3454 309 0
1238 3991 3739 1
448 2567 7054 1
2490 1197 9056 1
589 6862 7536 1
2888 539 7585 1
4167 5520 1560 1
4581 382 9606 1
6784 3403 1960 0
8732 392 6843 1
6923 4611 4740 0
2443 2270 3919 1
6112 576 1845 0
9556 8603 1364 0
2508 2878 3338 1
3005 2411 4193 1
943 1227 4514 0
416 801 339 0
236 12 6274 1
9740 4401 183 1
4828 633 437 0
8577 3671 8722 1
9659 4540 9368 0
1848 366 3290 1
4458 2071 106 1
1001 5434 1770 1
8507 4299 7730 1
8803 1439 6194 0
8664 6673 7048 0
2280 2487 9764 1
4013 2452 8170 0
6766 2704 1416 1
377 2837 8537 1
432 955 2105 0
5937 1366 3914 1
9290 6446 8182 1
93 3936 5846 0
5456 4403 9714 1
41 6925 8074 0
344 9863 3749 0
597 4334 6647 0
43 3244 3592 1
7269 5175 1139 0
9481 4471 268 1
7666 6030 806 1
4290 9059 1684 0
2759 1103 606 1
2093 3196 583 0
7557 7435 12 1
869 165 1903 1
7791 2516 6149 1
118 4243 3388 1
7711 1091 1874 1
9125 7007 8370 1
7727 2658 4336 1
1221 1576 1799 1
4241 8611 5712 1
3635 3263 7830 0
3336 5783 1032 0
3339 3705 4670 0
9868 8391 7728 1
5537 6320 3124 1
9354 8703 5494 0
3865 7554 700 0
9714 1629 6794 0
463 528 1748 1
1351 199 3 0
9280 16 5290 0
9858 1730 8553 1
3262 444 1649 1
7055 2572 2889 0
7552 129 4640 0
8046 8627 5044 0
5936 7473 9154 1
8756 1051 5391 0
3931 2322 7079 0
1176 1580 3269 0
3429 5885 2002 0
6327 4274 5760 1
5042 3055 4393 1
4928 4572 9284 0
8798 523 6201 1
4088 1997 1652 1
5750 678 1455 1
630 7406 9531 1
5165 4521 127 0
440 1113 389 0
488 3763 320 0
3821 7264 6003 0
4722 5316 5854 0
6425 9524 5818 0
120 2659 488 0
8341 2574 6500 0
6222 5754 1552 0
1516 3226 3486 0
7737 8901 7901 1
5967 102 4265 1
1843 6710 4508 1
9858 184 8121 0
6586 3987 1371 0
4972 518 2073 1
1281 2662 7996 1
9451 9115 8804 1
333 1564 504 1
1453 3784 6333 0
6921 1544 5370 1
88 6129 297 0
9923 7901 5343 0
1731 7500 5648 1
253 311 9693 0
7451 1814 1599 0
3212 6834 3849 0
912 141 3209 0
9180 7569 9535 0
3365 5111 2817 1
763 1321 2606 1
1443 9850 2593 0
4442 7444 5833 0
6502 1025 7559 1
1007 9006 1543 1
2751 1070 7395 0
7541 59 3220 1
944 2178 7658 0
7738 383 4638 1
3635 5030 9782 1
2080 2021 2425 0
9204 5446 9412 0
8045 8825 1244 1
6994 8529 132 1
2316 2429 7761 1
2930 746 5532 1
873 439 1880 1
4987 570 5589 1
5560 9521 597 1
3163 444 8621 1
2815 713 2334 1
3137 5615 4164 0
3511 8383 6846 1
2737 9831 8655 1
4351 3290 6052 1
4420 4061 4360 1
5273 8034 2133 1
9301 378 5387 1
3500 6615 2709 0
5061 9952 970 1
8064 2537 2050 0
8791 2978 2443 1
4821 2718 2298 1
6933 8695 4709 0
7468 8703 2864 1
1849 9050 8646 0
2444 2155 6459 0
8885 301 768 1
2606 3187 4535 1
8364 7633 9351 0
8625 1724 5346 0
838 6031 1221 1
3624 3584 4815 0
8352 2019 6070 1
8919 2174 4487 0
2345 2716 8044 1
5162 1685 6115 1
6502 8541 7804 1
733 1452 7811 1
2224 2159 9983 1
3845 3950 6826 1
6897 3213 2371 0
4662 5190 5584 0
5418 1622 7719 0
6218 1991 959 0
7103 3279 498 1
1345 6103 7430 0
6025 1534 5821 1
6235 287 8393 1
3348 6624 2692 0
2800 7244 6431 0
9695 1508 1753 1
3192 1121 2819 1
9071 5022 561 1
2052 5251 1523 1
4956 6980 5061 1
7523 2300 5828 1
7953 4612 3682 0
6157 5289 3292 1
1776 2461 842 1
7660 8700 1638 0
4620 2545 929 0
4141 8762 834 1
2270 3082 0 0
1364 6141 6099 0
7665 6833 9029 1
7254 1028 319 0
7110 168 4417 1
8125 7406 1410 1
2048 4690 4969 0
8599 4643 155 0
4537 5558 7206 1
9414 9947 1293 1
6587 4080 85 0
7234 7076 4015 0
3384 4847 648 1
5555 832 6781 1
7427 5896 5859 0
7799 5653 7701 1
4404 5729 9215 1
3650 5532 3083 1
8296 4439 778 0
5241 803 6006 0
2670 7849 9205 0
5078 1787 1984 1
139 7898 9973 0
3815 1002 4041 1
5063 2211 66 1
9583 3930 6565 0
7982 8831 8235 0
1812 3256 5802 0
6513 6126 8497 0
3215 2293 1907 1
8418 6338 2424 0
1183 6345 9328 1
7483 9221 2537 0
1349 923 883 1
5847 9313 2786 0
4409 234 2500 0
839 1157 5668 0
4485 3592 1022 1
2735 1383 9827 1
3061 2090 7135 0
1479 6573 906 1
7245 3209 5836 1
939 9699 101 1
195 1219 3084 1
9355 5560 2133 0
4800 603 1688 0
6875 1569 304 0
7843 9557 7857 1
1875 4149 8190 0
798 9467 6346 1
80 479 7981 1
7719 2138 2425 1
770 2014 2510 1
4232 5765 8618 0
6237 8264 709 1
2544 2050 2541 1
2344 7427 6141 0
9696 4824 9683 0
640 1131 9570 0
3535 903 9445 1
5414 6032 2917 0
5318 2432 4413 0
8461 132 6635 1
6645 9321 1818 1
4333 4721 5246 0
5788 6394 1008 1
8835 577 5675 1
50 4642 9254 0
1390 8724 979 1
4754 3171 4022 0
7267 2509 2410 0
6552 5874 6977 1
5370 9941 267 1
617 4968 5065 1
8655 6727 6914 1
2137 6932 6549 0
2882 4035 8592 1
8930 2534 7520 0
9688 9724 6634 1
5603 7125 6122 0
760 7065 1930 0
5423 3322 4486 0
4638 8631 1565 0
4362 563 8378 1
1851 8741 5315 0
1168 1521 98 1
531 7239 8339 0
6830 474 781 0
9118 2900 9700 0
5606 680 9790 1
7399 8168 485 0
5455 7544 2444 0
800 5219 518 1
8947 7580 9299 0
684 6119 9132 0
1888 9770 9297 1
5140 2622 4545 0
727 8250 1082 1
8099 50 7730 0
8304 6331 8805 1
1082 3139 6767 0
6676 143 556 1
7116 1957 8286 0
433 843 672 0
1298 1471 8937 1
2809 920 3586 1
8441 9053 3323 0
5491 4597 7099 1
1823 3310 3671 0
3993 5090 1653 0
6266 4247 2113 0
745 5974 3488 0
3377 7519 4083 0
805 2794 7646 0
3441 1089 7098 1
2066 6460 391 1
5465 6605 6806 0
6396 7518 8262 0
1726 7015 2893 1
3569 1124 4218 1
472 1670 7161 1
7825 2729 1494 1
4195 3830 6549 0
1701 794 8561 1
4992 3959 4948 0
4613 8969 5639 1
6561 2651 4410 1
6576 2539 7222 0
2224 3196 6849 1
3912 7723 5714 1
6808 1620 8981 0
3298 149 2145 1
9466 7443 9448 0
3531 204 9695 0
5450 9149 1951 1
1598 1845 3675 1
1584 1433 6100 1
1567 2297 6009 1
6231 6099 4898 0
4387 759 1262 1
5729 3659 9324 1
4966 3968 5927 0
849 1796 9542 1
7396 5417 5411 0
2048 5781 3833 0
4688 1884 7668 0
2425 6204 1844 1
4960 1911 3922 1
6700 342 630 1
430 9451 7720 0
8527 1480 4405 0
2425 1614 6612 0
3192 4009 4938 1
6866 6666 2171 0
6964 7541 5026 0
1935 2733 3251 0
3076 5292 8159 1
5596 9527 807 1
2027 1920 805 1
4837 9710 6583 1
5137 9483 1341 1
8621 3277 2278 0
6434 4711 2229 1
1930 5408 4730 0
1632 9141 2670 0
3063 1818 8815 0
6509 7974 1741 1
1408 960 9748 1
5778 101 8171 1
7401 4796 4172 1
731 8987 1670 1
184 5802 1727 0
9688 5352 9197 1
7895 398 4951 0
9373 6257 1719 1
6915 3068 2883 0
1859 2125 7596 1
7583 3518 9159 0
3061 6167 8603 0
9938 6226 7193 0
7876 5760 8738 1
3780 8554 3078 1
6868 4521 5673 0
4757 1258 3419 1
7901 189 2216 0
3239 3725 8125 0
7178 421 8716 0
287 8208 4738 0
4605 9490 3799 1
2407 3253 9413 0
5785 583 8348 1
799 3362 5606 0
1735 6219 1671 0
2599 608 9847 0
2914 3212 7507 0
8327 2492 320 1
9898 1271 8386 0
8552 6217 2524 0
693 5089 7688 0
2296 268 4346 0
1737 7745 1568 1
825 9647 8221 1
643 9907 3670 1
2546 9039 2252 0
6020 1431 2476 1
525 2845 6099 0
7774 7056 8677 0
1736 1008 6896 1
5132 2358 1788 0
4 8930 6727 1
8519 4868 174 1
8361 4255 3966 1
1313 362 4780 0
9728 3289 1713 1
8223 2796 6731 0
231 2135 5632 0
1382 3250 2644 0
7457 9601 2268 1
773 1894 419 0
883 6533 6782 0
7436 6825 1052 0
24 5845 3296 0
3773 9758 4305 1
1358 1111 5281 0
1570 1980 4253 1
6359 3716 5797 0
7718 3777 381 1
2152 713 4371 0
6586 6874 242 1
509 9097 2662 0
2242 7148 2592 0
5620 4617 1229 0
1781 4638 2706 1
2350 2547 4458 1
1905 9981 6468 0
5601 5316 8294 1
7045 2167 39 1
600 9774 8444 1
7525 8080 3217 0
449 4086 5674 1
4185 1215 58 1
5230 6582 2211 1
270 8962 6591 0
2661 3612 9696 0
2100 9958 5171 1
3248 2122 2698 0
5758 5728 3145 0
7438 1860 1473 1
1493 695 5404 1
32 5525 904 1
9221 5848 168 0
620 8091 4838 0
1119 337 3566 0
7262 8534 9831 1
4694 6102 7011 0
642 2269 3834 1
9730 1503 1041 0
411 8297 4737 0
4015 3063 8117 1
1999 2151 643 0
6782 3454 1887 0
3912 8922 3837 0
7091 808 3718 1
8277 1623 5852 1
8230 6589 8001 1
2487 4728 3029 1
5987 5863 7327 0
3477 6714 846 1
5082 7831 3839 1
4169 9647 9362 0
4560 8752 905 1
2720 4380 7441 0
1339 1738 7124 1
1005 4940 2989 1
1482 5104 653 0
1430 3611 2606 0
9787 2051 6327 0
7622 747 3407 0
3714 7205 4949 0
8810 2515 1935 0
7785 8334 6913 1
1476 9963 4177 0
2922 1707 3529 0
3627 9425 9900 0
7975 7530 7757 1
9096 7016 8092 1
7251 1807 3730 1
5547 4452 2255 0
8535 594 146 0
8036 47 8505 1
3278 4958 6281 0
299 4422 4592 1
2808 4052 8041 1
7576 6924 657 0
3946 9958 6632 1
1627 7831 6441 1
637 1100 6637 1
1750 4654 8540 1
8827 6979 9046 1
5838 8081 898 0
5221 8697 293 1
6206 929 693 1
4816 194 6238 0
2675 3971 421 0
1683 6966 1099 0
609 2466 3668 1
6395 7184 7928 0
4332 1866 6458 0
9463 6913 7431 0
3360 3166 8449 0
5260 3883 2173 0
5706 8946 2474 0
5346 3670 820 0
5069 1378 3927 0
8884 3359 7767 0
4030 921 191 0
3093 1444 2809 1
6040 2523 8222 1
150 5225 7262 0
2969 9740 6001 1
305 9526 6287 1
6979 2966 4478 1
4209 8886 4906 0
5643 9606 4442 1
6983 8938 6817 1
3709 8799 497 1
8742 1252 1367 0
8103 855 6755 0
6856 8445 2262 1
650 789 65 1
9127 4447 4427 1
1276 4265 6675 0
9781 7803 5815 1
2760 9316 2581 1
2533 1828 4784 1
4444 476 8374 0
7535 4402 3935 1
1786 393 3320 0
944 1857 2912 0
5496 7691 6706 0
6216 7583 2133 1
976 2305 9665 0
9098 2418 7619 1
5024 467 6850 0
6495 6975 9075 0
5787 5465 4762 1
7508 7460 5682 0
1495 9122 3935 0
1559 5119 5138 0
1373 750 2060 1
2093 8548 406 0
4268 212 6065 1
127 8571 3114 0
7750 2749 1728 1
9977 8736 4025 0
465 9783 3953 1
1626 1153 165 1
1127 5780 2431 0
183 1347 723 1
9063 5544 2249 0
6440 1662 1291 1
9698 1598 4978 1
2825 460 6269 0
2223 7347 6402 1
1082 5423 4055 1
8807 8809 1330 1
8111 7544 9344 1
7689 3205 6756 0
1217 9856 2048 0
2280 1650 2088 0
1067 5778 1173 1
9048 5932 1576 1
9598 4335 9616 1
980 2166 1661 1
3933 3929 4085 0
891 4693 3288 0
786 4057 2559 1
6910 6226 1290 1
264 666 74 0
148 4412 4892 0
158 8827 1159 0
2839 163 1448 0
6250 2896 3196 0
9108 3486 3437 1
323 8001 7041 1
3630 5094 400 1
2054 8394 9204 0
6124 2569 8581 1
1827 8201 4502 1
2038 3561 3834 1
4205 6900 4732 0
8636 1210 3917 1
4477 3792 2910 0
9408 2775 7889 1
1391 6139 1835 0
39 2173 1069 1
1444 1827 4195 0
395 5102 4316 1
3022 6764 9948 0
3772 7008 3790 1
5047 831 9086 0
906 7467 1814 0
5467 5605 5511 1
4653 1439 4826 0
1929 7440 3527 0
3886 8443 9047 1
8470 610 1605 1
2971 6471 7242 0
8842 2420 3225 1
1718 6588 5351 0
5857 6865 975 0
1351 6102 5750 0
6747 72 7290 1
3717 1993 3760 0
4092 7693 1199 0
8849 8873 6343 1
444 856 4486 1
2364 4000 2332 0
9145 53 7709 1
6747 4508 9319 0
7136 3123 6244 0
2490 3375 6546 1
5048 4565 8962 0
3719 5469 9982 1
3287 2340 766 1
290 8321 636 1
7995 906 9463 1
1620 8056 6133 0
5955 57 5421 1
2501 6660 8916 1
8738 3378 9397 0
9588 9499 470 1
4115 366 1465 0
9874 9078 4337 0
2848 7993 5958 1
3671 9058 4682 1
1065 2706 5820 0
204 9602 9197 0
8643 9116 2978 0
2624 5115 2473 0
4678 2336 4719 0
5188 7782 4321 0
223 2712 1186 0
4766 9042 268 0
876 4662 9946 1
1753 4704 838 1
4322 9595 8911 1
387 1221 237 0
5578 4640 1864 0
1694 7931 9365 0
7184 2065 5106 1
2000 5984 4389 0
5411 8957 1807 1
227 3686 7943 1
3112 8231 677 1
1206 401 1435 0
7959 7576 6811 0
90 1164 597 1
4107 5883 6415 1
1094 5380 5355 0
6934 383 8611 0
8403 1948 4200 1
5660 1273 7723 1
2032 7223 7787 0
739 1503 1137 0
2463 2177 9801 1
1913 6830 5314 1
2998 8103 6598 1
3790 4868 7374 0
448 4106 1184 0
5926 567 8235 1
3977 5471 7205 0
8920 6845 3458 1
598 1042 2808 1
2066 7633 3505 0
7290 5311 9440 1
402 2869 5543 0
226 6760 57 1
5646 2490 4668 0
3386 2610 1649 1
813 5162 8358 0
437 9815 8875 0
4876 9390 1429 1
6010 9077 4784 1
3435 5976 4840 0
8529 190 2633 1
2637 7323 5445 1
7994 8086 3734 0
5275 2541 1925 1
4855 5304 2378 1
8433 3260 2725 0
8125 690 4189 1
3935 5847 5719 1
8614 9428 313 0
8026 2640 7727 1
2466 565 3965 1
4473 8976 1750 1
1953 5229 4509 1
8600 8771 3611 0
6763 6188 1568 0
7960 6968 7373 0
2360 418 2385 1
3485 1619 2946 1
6696 2389 6894 0
1119 6219 8627 0
8461 9295 2652 1
90 2747 7965 0
284 2525 5953 0
2110 2197 497 1
4112 3856 3256 0
1231 3034 8501 1
6438 656 3265 0
8469 9924 386 0
802 3652 5471 0
925 380 6708 1
137 5867 8728 0
1831 1684 7293 0
5140 6887 9688 1
9559 2959 530 0
2676 6140 638 1
5860 276 8060 0
2328 6437 5053 1
4139 6927 6728 0
1304 4368 6396 1
4813 1183 391 0
3646 333 3559 1
1773 8601 2207 1
552 8835 4460 0
3171 8595 9720 1
6088 9467 1375 1
1612 474 3649 0
4628 5395 583 1
3127 2045 5000 1
1990 9772 4638 1
2793 1696 4373 1
4908 716 5300 1
827 3497 3872 0
9289 3772 5693 0
2999 7478 7366 0
642 9995 3567 1
3854 8454 3992 0
2226 9994 5045 0
2548 7883 444 1
1975 4670 8847 0
8098 1967 1594 0
6067 5138 991 1
1268 4460 6512 0
6812 8434 1677 1
4617 1890 47 0
3340 6705 6484 1
9814 4564 1500 0
7682 3875 370 1
6498 1051 8864 1
3023 260 8764 1
5467 770 2919 1
297 5727 4665 0
1888 4969 1813 0
1244 359 6850 0
5605 5810 8428 1
420 6882 3032 0
6387 631 1464 1
5380 585 6702 1
9653 8594 8227 0
7954 7802 1866 0
7147 371 1137 1
4312 7862 5320 1
2555 4685 8086 1
2741 9763 648 0
8667 8953 1146 1
3594 5707 2075 0
6729 8482 4508 0
2494 2571 506 0
7955 9144 2444 0
6778 8101 31 0
8303 925 528 1
8589 2270 3849 0
4788 1563 8400 1
9514 5505 44 1
7375 8284 8106 0
7397 4394 159 1
2415 4096 7822 0
873 876 396 0
2105 8795 8387 1
7141 6139 8388 1
2277 2372 752 0
4682 771 2585 1
5584 1447 6868 1
1999 9615 5522 0
4712 4707 3631 0
7454 7971 6490 1
5458 925 4727 0
8964 9555 7905 1
9207 5355 3396 1
341 7049 634 0
1426 9786 4611 0
869 8258 6411 0
6804 4985 503 0
2608 5922 9040 1
5937 12 1347 1
7091 7148 1160 1
1425 90 1330 1
1888 795 3638 1
9984 9647 6655 1
5502 5100 7761 1
3965 4539 9501 1
3815 9409 53 0
4431 1585 7089 1
5944 5535 9264 0
3627 8984 2755 1
8885 449 7238 1
2415 5741 7056 1
6019 5827 6862 0
4779 1343 8731 1
8251 5096 498 1
5138 2306 3991 1
2413 7781 8451 1
8286 7277 142 1
3355 6435 6658 1
5961 8380 1374 0
538 8113 1656 1
8373 671 5031 0
7253 4399 2623 0
36 600 8366 0
7546 6164 7303 1
3952 5809 1933 0
1482 89 2242 0
2869 7940 1136 1
5805 1612 9672 0
9955 625 1210 0
7388 9646 4868 0
4413 8796 9726 1
2085 2181 7829 0
4188 2716 838 0
1915 7499 2222 1
1468 7629 2143 0
1028 9661 790 0
9741 447 4347 1
1081 2382 2489 1
2403 3749 7390 1
8168 6545 3317 1
4167 7270 5538 0
1925 1202 7182 1
628 6255 3396 0
2341 4813 5546 0
4027 3903 4724 0
5986 3365 1397 0
7616 6218 8344 0
3163 879 6015 0
6843 8807 6217 0
4017 180 57 1
2536 5458 3700 0
7274 8835 6828 0
7958 5899 2427 0
3921 5340 7089 0
8043 1493 2146 1
5828 7094 2218 0
2943 9496 9027 1
2085 5403 1672 0
2685 9711 5066 0
1354 9942 2643 0
6150 5866 5209 0
6398 7500 182 0
6685 7693 3253 0
4621 5248 6111 1
2043 7103 1623 0
9723 4285 5203 0
7117 9084 5469 1
5966 1104 584 1
2065 4372 630 0
9087 2715 1945 1
2621 6842 1465 1
2158 148 9766 0
1496 6693 8703 1
4683 3460 1714 0
2415 3714 9924 1
7725 6200 1667 0
5249 4817 2218 1
7358 1379 469 0
5475 2724 4246 1
3517 282 2071 0
7501 7235 2625 1
9947 6006 7388 1
1243 9338 2184 1
4639 1094 9260 1
253 665 2237 0
7971 2027 4497 0
8184 7491 6099 1
7940 8890 8106 1
8498 2223 2790 0
7125 4221 7995 0
9578 1754 9201 1
4413 8098 3546 1
478 8212 8918 0
5684 714 2356 1
1458 6127 4730 1
8826 2892 9766 0
4544 755 102 1
288 2384 4421 0
5635 668 2199 0
7213 1508 8135 1
1562 9354 302 0
1115 4410 263 0
2092 1984 4881 0
2040 8424 1301 1
702 293 5896 0
4901 8455 979 0
2014 2007 6673 1
9066 2068 8985 0
764 1587 7629 0
111 7602 2322 0
187 2942 4497 0
372 838 7613 1
5348 2831 8550 0
1659 9609 6029 1
6324 3906 1321 1
1225 9738 4409 1
5881 5239 8107 1
9913 154 6685 0
6393 5249 5794 0
8008 1934 8727 0
5707 1496 7942 0
2650 5008 5819 1
9483 727 3573 1
4644 8158 3375 0
2491 7934 8752 1
224 4986 463 1
1901 753 6955 0
1596 2728 4251 1
4010 9480 7153 1
6891 7491 7252 1
5726 6269 5134 1
6130 5721 1667 1
5017 5665 7011 1
4908 3162 2050 0
1215 8599 7670 1
4711 6221 1680 1
8569 2807 3535 0
3092 1882 4049 0
2594 3324 6444 0
3259 33 2956 1
2891 22 4605 1
4757 498 6028 0
4920 6297 9129 0
5089 1859 864 1
5472 5869 408 1
9663 2222 7818 1
8177 5820 6678 0
9464 6847 8803 0
1626 2663 1991 0
7492 954 1030 1
1375 1425 8493 1
162 2771 9537 0
6888 354 5363 1
3636 3461 2519 1
1106 3285 3750 0
640 4972 353 1
45 5306 1126 1
3296 1546 1880 0
